user1 1 123 123 123 123 123 2
user2 2 123 123 123 123 123 2
user3 3 123 123 123 123 123 3
user4 4 123 123 123 123 123 4
user5 5 123 123 123 123 123 5
user6 6 123 123 123 123 123 6
user7 7 123 123 123 123 123 7
user8 8 123 123 123 123 123 8
user9 9 123 123 123 123 123 9
user10 10 123 123 123 123 123 10
user11 11 123 123 123 123 123 11
user12 12 123 123 123 123 123 12
user13 13 123 123 123 123 123 13
user14 14 123 123 123 123 123 14
user15 15 123 123 123 123 123 15
user16 16 123 123 123 123 123 16
user17 17 123 123 123 123 123 17
user18 18 123 123 123 123 123 18
user19 19 123 123 123 123 123 19
user20 20 123 123 123 123 123 20
user21 21 123 123 123 123 123 2
蒋宇凡 12345 321 大学 杭州师范大学 专业 软件工程 1
